<?xml version="1.0"?>
<opencv_storage>
<left_intrinsics type_id="opencv-matrix">
  <rows>3</rows>
  <cols>3</cols>
  <dt>d</dt>
  <data>884.29555 0.00000 404.96950
  0.00000 879.56975 287.43878
  0.00000 0.00000 1.00000
    </data></left_intrinsics>
</opencv_storage>
