
<?xml version="1.0"?>
<opencv_storage>
<right_intrinsics type_id="opencv-matrix">
  <rows>3</rows>
  <cols>3</cols>
  <dt>d</dt>
  <data>887.63431 0.00000 400.14321
  0.00000 881.96613 287.33474
  0.00000 0.00000 1.00000
    </data></right_intrinsics>
</opencv_storage>